precio;sub_descr;href;ubicacion;habitaciones;banios;mt2;planta;otros;latitude;longitude;CCAA
2.500 €/mes;;/alquilar/piso-bel_air_cancelada_saladillo29680-45003957003_528489/;Bel-Air-Cancelada-Saladillo (Estepona);2 habs.;2 baños;90 m²;2ª planta;Magnifico piso para larga temporada, moderno y decorado con mucha elegancia, amplia terraza con techo abatible, 2 habitaciones, 2 ...;36.4639017;-5.053051;malaga
2.500 €/mes;Ático en calle Bolivia, 260;/alquilar/atico-pedregalejo29017-945856909322647_109700/;Pedregalejo (Distrito Este. Málaga Capital);1 hab.;1 baño;60 m²;;Precioso ático en la playa de pedregalejo, se alquila hasta el 15 de septiembre, abstenerse fines turísticos, prohibido mascotas, ...;36.7199;-4.36757;malaga
2.000 €/mes;Piso en Urbanización Dominion Beach;/alquilar/piso-el_padron_el_velerin_voladilla-945856909051740_109700/;Altos de Estepona (Estepona);2 habs.;3 baños;150 m²;Bajo;Se alquilan apartamentos de lujo en primera línea del mar en la emblemática urbanización dominion beach. Para corta y larga tempor...;36.4763;-5.16406;malaga
150 €/día;;/alquilar/estudio-puerto_banus29660-43415532645_997232/;Puerto Banús (Distrito Nueva Andalucía. Marbella);1 hab.;1 baño;70 m²;;Estudio para 2 ó 3 personas, elegante y moderno inmejorable situación en la prestigiosa urbanización de jardines del puerto, en el...;36.4875742;-4.9559535;malaga
2.500 €/mes;;/alquilar/piso-urbanizacion_calahonda_golf_riviera_del_sol_mirafl-43420874177_100500/;Urbanización Calahonda-Golf-Riviera del Sol-Miraflores (Distrito Mijas Costa. Mijas);3 habs.;2 baños;160 m²;2ª planta;Precioso piso en primera línea de playa. 3 dormitorios dobles frontales al mar, dos baños completos uno de ellos en suite. Todos l...;36.492243881;-4.702294416;malaga
50 €/día;Apartamento en calle del Mar;/alquilar/apartamento-velez_malaga_torre_del_mar29740-12521451793_103200/;Torre del Mar (Vélez-Málaga);1 hab.;1 baño;50 m²;;"Alquiler vacacional
Consultar precios de las diferentes temporadas
Fantástico ático con 1 dormitorio ...";36.7401;-4.09321;malaga
1.500 €/mes;;/alquilar/piso-la_aurora_la_alameda29002-45080863767_100500/;La Aurora-La Alameda (Distrito Cruz de Humilladero. Málaga Capital);2 habs.;1 baño;90 m²;5ª planta;Piso de 90 m² con 2 dormitorios (antes 3), reformado y amueblado. Cocina totalmente amueblada y equipada, pequeño lavadero, aire a...;36.7161634;-4.4305305;malaga
1.600 €/mes;;/alquilar/piso-selwo29680-43385085450_518522/;Selwo (Estepona);3 habs.;2 baños;80 m²;2ª planta;Se alquila un acogedor apartamento en la zona de selwo, en estepona. Este inmueble se encuentra en una segunda altura y cuenta con...;36.462041;-5.076222;malaga
2.530 €/mes;;/alquilar/casa_adosada-costa_natura29693-45026708074_101800/;Costa Natura (Estepona);4 habs.;4 baños;181 m²;;Azata golf villas se encuentra en el corazón del campo de golf azata, de 18 hoyos y además está situado entre estepona golf club y...;36.4136379;-5.1960501;malaga
113 €/día;;/alquilar/apartamento-velez_malaga_torre_del_mar29740-13348689255_103200/;Torre del Mar (Vélez-Málaga);2 habs.;1 baño;70 m²;;"Alquiler vacacional
Consultar precios de las diferentes temporadas
Apartamento en perfecto estado muy...";36.7394245;-4.0986188;malaga
1.100 €/mes;Piso en calle de San Quintín, 52;/alquilar/piso-la_trinidad_marmoles_perchel_norte29009-35915626602_501323/;La Trinidad-Mármoles-Perchel Norte (Distrito Centro. Málaga Capital);1 hab.;1 baño;55 m²;2ª planta;¿Buscas una vivienda nueva y equipada en una zona privilegiada de málaga? Este piso para alquiler de larga temporada está listo pa...;36.724746925489555;-4.430278995955803;malaga
2.800 €/mes;Dúplex en Urbanización Lomas del Marqués, nº 1;/alquilar/duplex-benahavis_la_alqueria29678-43391136607_337300/;La Alquería (Benahavís);3 habs.;3 baños;242 m²;2ª planta;"Este magnífico ático dúplex, disponible para alquiler de larga temporada, se encuentra ubicado en la prestigiosa urbanización ""lom...";36.49409172491835;-5.021105492710063;malaga
900 €/mes;;/alquilar/piso-rincon_de_la_victoria_la_cala_del_moral29720-44243852828_100500/;La Cala del Moral (Rincón de la Victoria);1 hab.;;90 m²;Bajo;Descubre este encantador piso en la cala del moral de alquiler temporal, ideal para aquellos que buscan comodidad y calidad de vid...;36.718435143;-4.307071444;malaga
1.100 €/mes;;/alquilar/piso-la_victoria_conde_urena29012-7564248363_100500/;La Victoria-Conde Ureña (Distrito Centro. Málaga Capital);2 habs.;2 baños;100 m²;1ª planta;Este piso sin amueblar y con plaza de garaje es uno de esos que llama la atención desde el primer momento. No sabemos si es culpa ...;36.7272351;-4.4125724;malaga
2.200 €/mes;;/alquilar/apartamento-martiricos_la_roca29009-43340877698_108500/;Martiricos-La Roca (Distrito La Rosaleda-La Roca. Málaga Capital);2 habs.;2 baños;78 m²;;Exclusiva propiedad en planta 26 en la torre urban. La vivienda forma parte del conjunto más innovador y con más altura de toda an...;36.7316612;-4.4268376;malaga
1.960 €/mes;;/alquilar/piso-ensanche_centro_puerto29001-40082021460_106000/;Ensanche Centro-Puerto (Distrito Centro. Málaga Capital);4 habs.;3 baños;180 m²;10ª planta;"Garaje opcional  en 130 &euro;, no incluido en el precio de la renta mensual, uno de los dormitorios es de servicio, junto cocina";36.715818789;-4.424842671;malaga
4.000 €/mes;;/alquilar/apartamento-las_chapas_rio_real-41743414344_102100/;Río Real (Distrito Las Chapas. Marbella);3 habs.;3 baños;150 m²;;Gilmar consulting inmobiliario presenta este espectacular apartamento en la exclusiva zona de marbella de 150 m² construidos y 140...;36.5308859;-4.8882045;malaga
900 €/mes;;/alquilar/apartamento-urbanizacion_el_hacho_la_duquesa_golf-45087519589_100500/;Urbanización El Hacho-La Duquesa Golf (Manilva);2 habs.;2 baños;80 m²;1ª planta;"Apartamento en alquiler larga temporada en duquesa, manilva
Piso  en  primera  planta sin ascensor con terraza en alquiler larga t...";36.355573;-5.2381086;malaga
2.500 €/mes;;/alquilar/apartamento-martiricos_la_roca29009-43355016993_108500/;Martiricos-La Roca (Distrito La Rosaleda-La Roca. Málaga Capital);2 habs.;2 baños;85 m²;;Exclusiva propiedad en planta 28 en la torre urban. La vivienda  forma parte del conjunto más innovador y con más altura de toda a...;36.7309548;-4.4268935;malaga
850 €/mes;;/alquilar/atico-torrox_nucleo29770-43360621164_109300/;Núcleo (Torrox);1 hab.;1 baño;;;¡Bienvenido a tu refugio urbano ideal! Este espacioso ático de un dormitorio cuenta con una gran terraza, perfecta para disfrutar ...;36.755019137;-3.950997043;malaga
1.700 €/mes;Apartamento en calle calle Torrequebrada;/alquilar/apartamento-hacienda_de_torrequebrada-42502086721_103200/;Hacienda de Torrequebrada (Distrito Benalmádena Costa. Benalmádena);2 habs.;2 baños;130 m²;;Apartamento en 1ª linea de playa disponible a partir del 01 de septiembre 2024 a 30 junio de 2025   f...;36.5813;-4.54783;malaga
250 €/día;Apartamento en Avenida Principe Salman, 1;/alquilar/apartamento-nueva_andalucia_centro29660-43374776833_997232/;Nueva Andalucía-Centro (Distrito Nueva Andalucía. Marbella);2 habs.;2 baños;110 m²;2ª planta;"Moderno apartamento en la urbanización dama de noche a unos metros de puerto banus.
 2 dormitorios cama de matrimonio de 1.80 y do...";36.50103224866454;-4.952060055141999;malaga
2.600 €/mes;;/alquilar/piso-la_malagueta_monte_sancha-45897888337_528551/;La Malagueta-Monte Sancha (Distrito Centro. Málaga Capital);4 habs.;3 baños;242 m²;9ª planta;"Piso muy grande en la malagueta.
El piso cuenta con 242 m² construido y con un garaje donde puede aparcar fácil dos coches grandes...";36.719685;-4.408772;malaga
97 €/día;;/alquilar/piso-velez_malaga_torre_del_mar29740-13423093002_103200/;Torre del Mar (Vélez-Málaga);3 habs.;1 baño;95 m²;;"Vivienda en primera linea de playa con vistas la mar frontales.
 Fácil aparcamiento. 
3 dormitorios. ...";36.7382961;-4.0946176;malaga
1.300 €/mes;Apartamento en Avenida del Higuerón;/alquilar/apartamento-el_higueron_la_capellania29630-45017787515_103200/;El Higuerón-La Capellanía (Benalmádena);1 hab.;;85 m²;;Se alquila por larga temporada a partir del 01 de julio, bonito apartamento en la urb altos del higue...;36.5803;-4.5952;malaga
1.000 €/mes;;/alquilar/apartamento-cortijo_de_torrequebrada29630-45041385147_528096/;Cortijo de Torrequebrada (Distrito Benalmádena Costa. Benalmádena);1 hab.;1 baño;50 m²;2ª planta;"Excelente piso con  estupendas vistas al mar. Para pareja o persona sola. 
Todos los muebles nuevos.
48m²
1 dormitorio  con cama m...";36.5857625;-4.534737;malaga
1.000 €/mes;;/alquilar/piso-la_trinidad_marmoles_perchel_norte29009-44180519857_100500/;La Trinidad-Mármoles-Perchel Norte (Distrito Centro. Málaga Capital);1 hab.;1 baño;55 m²;5ª planta;Málaga está de moda, es una ciudad estupenda que te enamorará y tiene infinidad de cosas que ofrecerte. ¿Vienes a málaga a trabaja...;36.7272086;-4.4287918;malaga
108 €/día;;/alquilar/piso-velez_malaga_torre_del_mar29740-12594389769_103200/;Torre del Mar (Vélez-Málaga);3 habs.;2 baños;90 m²;;"Alquiler vacacional
Consultar precios de las diferentes temporadas
En el paseo de larios, al lado del...";36.7398661;-4.0930306;malaga
109 €/día;;/alquilar/apartamento-velez_malaga_torre_del_mar29740-13380943410_103200/;Torre del Mar (Vélez-Málaga);1 hab.;1 baño;55 m²;;"Alquiler vacacional
Consultar tarifas de los diferentes períodos
Bonito apartamento en la avenida tor...";36.7360825;-4.0974771;malaga
1.200 €/mes;;/alquilar/piso-parque_victoria_sierra_cortijos29738-44225645188_169500/;Parque Victoria-Sierra-Cortijos (Rincón de la Victoria);3 habs.;2 baños;119 m²;2ª planta;Piso con garaje, piscina y bonitas vistas al mar. Vivienda amueblada de 119 m² construidos  (107 m² útiles) que se distribuyen en ...;36.72703;-4.3030119;malaga
1.450 €/mes;;/alquilar/apartamento-los_monteros_bahia_de_marbella29603-36711806580_108400/;Los Monteros-Bahía de Marbella (Distrito Las Chapas. Marbella);2 habs.;2 baños;90 m²;2ª planta;Septiembre a junio - precioso apartamento totalmente amueblado orientado al sur, con vistas sobre la piscina comunitaria y el jard...;36.50542598;-4.822504695;malaga
3.000 €/mes;Ático en calle Bolivia, 260;/alquilar/atico-pedregalejo29017-15888381384_992766/;Pedregalejo (Distrito Este. Málaga Capital);1 hab.;1 baño;60 m²;;Amplio y luminoso ático en la playa de pedregalejo,  abstenerse fines turisticos,  se alquila totalmete amueblado, vistas muy boni...;36.72052514133136;-4.370151143643172;malaga
1.450 €/mes;;/alquilar/apartamento-los_monteros_bahia_de_marbella29604-35847270291_108400/;Los Monteros-Bahía de Marbella (Distrito Las Chapas. Marbella);2 habs.;2 baños;115 m²;1ª planta;Septiembre a junio. Apartamento en 1ª planta completamente amueblado y orientado al sureste con vistas al jardín tropical de alica...;36.505215314;-4.813981776;malaga
950 €/sem;Apartamento en Avenida de Rocío Jurado, 1;/alquilar/apartamento-parque_de_la_paloma-43421186233_997012/;Parque de la Paloma (Distrito Benalmádena Costa. Benalmádena);1 hab.;1 baño;60 m²;9ª planta;Quiere pasar sus vacaciones en una de las urbanizaciones más demandadas de benalmádena? Pues no desaproveche esta oportunidad y fí...;36.589874;-4.5293956;malaga
1.850 €/mes;;/alquilar/apartamento-los_naranjos_las_brisas29660-9264880158_108400/;Los Naranjos-Las Brisas (Distrito Nueva Andalucía. Marbella);2 habs.;2 baños;135 m²;1ª planta;Se alquila larga temporada solamente a residentes en marbella todo el año. Apartamento en 1ª planta parcialmente amueblado orienta...;36.5094624;-4.9660678;malaga
1.400 €/mes;;/alquilar/duplex-los_boliches-45019788149_993171/;Los Boliches (Fuengirola);4 habs.;2 baños;170 m²;3ª planta;Gran duplex en la zona de los boliches cerca del mercadona y a 7 minutos andando de la playa, 4 dormitorios,dos bañosm salon comed...;36.5575304;-4.6151565;malaga
2.200 €/mes;;/alquilar/piso-las_chapas_elviria-43401882346_102100/;Elviria (Distrito Las Chapas. Marbella);2 habs.;3 baños;189 m²;;Gilmar consulting inmobilario presenta este espacioso apartamento de 190 m² en la 2 linea de la playa en marbella park, elviria. E...;36.509141847;-4.774461249;malaga
2.500 €/mes;;/alquilar/apartamento-nagueles_alto29660-32536845509_105300/;Nagüeles Alto (Distrito Milla de Oro. Marbella);2 habs.;2 baños;154 m²;;Hermoso apartamento ubicado a 5 minutos a pie de la playa y todas las comodidades, así como a pocos pasos del puerto deportivo de ...;36.5149005;-4.916655;malaga
A consultar;;/alquilar/casa-lomas_de_marbella_club_puente_romano29660-43418145614_105300/;Lomas de Marbella Club-Puente Romano (Distrito Milla de Oro. Marbella);4 habs.;3 baños;436 m²;;¿Buscas el alquiler ideal para tus vacaciones en marbella? ¡Tu búsqueda termina aquí! Ubicada en el corazón de nueva andalucía, a ...;36.5128303;-4.912919;malaga
A consultar;;/alquilar/apartamento-zona_calvario29680-34174675076_105300/;Zona Calvario (Distrito Centro. Estepona);2 habs.;2 baños;99 m²;;"Este apartamento de 2 dormitorios está situado en la comunidad cerrada de costalita, la nueva milla de oro.

La comunidad está jus...";36.4308712;-5.1683178;malaga
800 €/mes;;/alquilar/apartamento-centro_historico_la_merced29015-45053649633_990695/;Centro Histórico-La Merced (Distrito Centro. Málaga Capital);1 hab.;1 baño;40 m²;4ª planta;Alquiler para persona sola, no pareja. Vivienda amueblada, 1 dormitorio abierto en altillo, salón con tv, aire climatizado, cocina...;36.722044;-4.4186718;malaga
1.400 €/mes;;/alquilar/piso-cortijo_de_maza_finca_monsalvez_el_olivar29140-45043251882_990695/;Cortijo de Maza-Finca Monsálvez-El Olivar (Distrito Churriana. Málaga Capital);3 habs.;2 baños;100 m²;2ª planta;Se alquila magnífica vivienda a estrenar, completamente amueblada. Consta de salón. Gran terraza con vistas a las zonas comunes, a...;36.659426;-4.497994;malaga
1.000 €/mes;;/alquilar/piso-perchel_sur_plaza_de_toros_vieja29002-45905555619_990695/;Perchel Sur-Plaza de Toros Vieja (Distrito Centro. Málaga Capital);2 habs.;1 baño;70 m²;2ª planta;Para persona sola o pareja. Coqueta vivienda amueblada, 2 dormitorios con armarios empotrados y canapés en ambas camas, salón con ...;36.7120436;-4.4283995;malaga
1.200 €/mes;;/alquilar/piso-carlos_haya29010-42590967634_108900/;Carlos Haya (Distrito Bailén-Miraflores. Málaga Capital);3 habs.;2 baños;97 m²;1ª planta;Estupendo piso exterior de 97 m² , consta de 3 habitaciones (una doble y dos individuales), salón independiente, patio interior de...;36.7218885;-4.4449453;malaga
2.200 €/mes;;/alquilar/piso-el_bajondillo-35838504817_101800/;El Bajondillo (Torremolinos);2 habs.;2 baños;122 m²;5ª planta;Que puedes encontrar el la prestigiosa urbanización la nogalera, con bellos jardines y unas fantásticas piscinas, con fabulosas vi...;36.6225744;-4.497818;malaga
8.950 €/mes;Chalet unifamiliar en calle Benahavis Hills Country Club, nº 12;/alquilar/chalet_unifamiliar-benahavis_nucleo-41667957397_527703/;Núcleo (Benahavís);5 habs.;7 baños;613 m²;;Superficie total 613 m², chalet unifamiliar superficie solar 1100 m², superficie útil 612 m², hab. Individuales: 5, habitaciones d...;36.52446728831346;-5.046304074847094;malaga
1.200 €/mes;;/alquilar/piso-torrox_torrox_costa-29212850357_101800/;Torrox Costa (Torrox);2 habs.;2 baños;98 m²;2ª planta;"Se alquila precioso piso en primera línea de playa con espectaculares vistas al mar.
La vivienda esta situada en el paseo marítimo...";36.730651268;-3.968066875;malaga
2.000 €/mes;Piso en calle Pico Alcazaba, 21;/alquilar/piso-el_paraiso_atalaya_benamara-45024473495_100500/;El Paraíso-Atalaya-Benamara (Estepona);2 habs.;2 baños;100 m²;2ª planta;"Atalaya, estepona. Agencias abstenerse
Apartamento de 2 dormitorios y 2 baños. La urbanización cuenta con más de 25.000 m² de jard...";36.4903;-5.01887;malaga
1.000 €/mes;;/alquilar/duplex-la_trinidad_marmoles_perchel_norte29009-45871113439_100500/;La Trinidad-Mármoles-Perchel Norte (Distrito Centro. Málaga Capital);2 habs.;1 baño;50 m²;2ª planta;"Bonito piso dúplex de 2 dormitorios. A un paso del centro y de el corte inglés. 
Excelente ubicación, todo a mano. Calle tranquila...";36.7230905;-4.4273577;malaga
850 €/mes;Ático en calle del Limonero, 17;/alquilar/atico-rincon_de_la_victoria_la_cala_del_moral29730-45887548584_108500/;La Cala del Moral (Rincón de la Victoria);1 hab.;1 baño;72 m²;;Magnifico ático 1 dormitorios con gran terraza y garaje en urbanización con piscina. La vivienda cuenta con una superficie de 58 m...;36.72;-4.29432;malaga
2.500 €/mes;Piso en calle de Juan Sebastián Elcano, 2;/alquilar/piso-puerto_marina29630-43352368541_101800/;Puerto Marina (Distrito Benalmádena Costa. Benalmádena);2 habs.;1 baño;112 m²;2ª planta;Alquiler vacacional: piso amplio y acogedor. En segunda planta. El dormitorio principal con cama doble, el segundo dormitorio con ...;36.5955;-4.51467;malaga
1.300 €/mes;;/alquilar/apartamento-la_chullera-44187385714_100500/;La Chullera (Manilva);2 habs.;2 baños;100 m²;Bajo;Propiedad situada a unos 200m aproximadamente de la playa chullera. Se puede acceder andado desde la misma por el camino habilitad...;36.3389116;-5.2520828;malaga
2.000 €/mes;;/alquilar/piso-mijas_centro29650-44180364800_515838/;Centro (Mijas);2 habs.;1 baño;85 m²;2ª planta;Ref 2405014-a fantàstico apartamento ubicado en la parte antigua del pueblo de mijas, cerca de todo tipo de comercios , con vistas...;36.59387096;-4.645078255;malaga
1.900 €/mes;;/alquilar/piso-benalmadena_arroyo_de_la_miel29630-45052214507_526765/;Arroyo de la Miel (Benalmádena);2 habs.;2 baños;102 m²;2ª planta;"Gran piso de 2 dormitorios en el corazón de arroyo de la miel, benalmádena.  

Se alquila durante la temporada de verano. Se trata...";36.5976828;-4.5372836;malaga
2.950 €/mes;;/alquilar/piso-la_campana_altos_del_rodeo-34249866705_101800/;La Campana-Altos del Rodeo (Distrito Nueva Andalucía. Marbella);3 habs.;2 baños;120 m²;3ª planta;"Excelente piso de 3 dormitorios y 2 baños (uno de ellos en suite), recién remodelado a nuevo y con muebles de diseño.

Esta ubicad...";36.5012405;-4.9790928;malaga
1.800 €/mes;Piso en Urbanización Dominion Beach;/alquilar/piso-el_padron_el_velerin_voladilla-945856909048230_109700/;Altos de Estepona (Estepona);2 habs.;3 baños;150 m²;1ª planta;El apartamento se sitúa en la urbanización dominion beach. 1ª planta. Dispone de 2 habitaciones completas y un servicio de invitad...;36.4763;-5.16406;malaga
7.500 €/mes;Casa pareada en calle Sierra Bermeja, 101;/alquilar/casa_pareada-lomas_de_marbella_club_puente_romano29602-43426880416_100500/;Lomas de Marbella Club-Puente Romano (Distrito Milla de Oro. Marbella);3 habs.;;350 m²;;"Marbella golden mile, una propiedad única, no se admiten mascotas.
Inquilinos deben de contar con excelentes referencias tanto lab...";36.5126;-4.93842;malaga
7.500 €/mes;;/alquilar/casa-costabella_el_rosario_ricmar-32538773339_510461/;Costabella-El Rosario-Ricmar (Distrito Las Chapas. Marbella);5 habs.;5 baños;410 m²;;"Bonita villa moderna en el rosario (disponible desde 25 febrero.)
Villa para alquiler a largo plazo disponible desde abril. Villa ...";36.5059332;-4.8085164;malaga
3.200 €/mes;Ático en calle Torrente Ballester, 11;/alquilar/atico-la_campana_altos_del_rodeo-45050636291_523428/;La Campana-Altos del Rodeo (Distrito Nueva Andalucía. Marbella);3 habs.;2 baños;250 m²;;"Alquiler temporal de 11 meses, inicio el 1 de julio del 2024 hasta el 1 de junio del 2025.

Century 21 ""sun"" en puerto banús prese...";36.501343;-4.9799366;malaga
3.150 €/mes;Piso en Avenida de Playamar, 9;/alquilar/piso-playamar_benyamina-43390251247_101800/;Playamar-Benyamina (Torremolinos);2 habs.;1 baño;90 m²;;Alquiler vacacional: piso soleado y situado en el mejor sitio de playamar, en primera linea de la playa con sus paseos maritimos l...;36.6285;-4.49189;malaga
2.100 €/mes;;/alquilar/apartamento-san_pedro_de_alcantara_guadalmina-32515863654_337300/;Guadalmina (Distrito San Pedro de Alcántara. Marbella);3 habs.;3 baños;189 m²;3ª planta;Disponible en larga temporada partir de agosto 2024. Fantástico ático dúplex situado dentro de urbanización de lujo a escasos metr...;36.483441814;-5.01009975;malaga
1.050 €/mes;;/alquilar/piso-pinares_de_olletas_la_mania_seminario29013-44204368785_998474/;Pinares de Olletas-La Manía-Seminario (Distrito Centro. Málaga Capital);3 habs.;2 baños;108 m²;1ª planta;Este encantador piso de 90m² y terraza de 18 m² se encuentra en la zona de pinares de olletas-la manía-seminario en málaga capital...;36.737247;-4.4152583;malaga
2.500 €/mes;;/alquilar/casa_adosada-cortijo_de_torrequebrada29630-40878966373_100500/;Cortijo de Torrequebrada (Distrito Benalmádena Costa. Benalmádena);3 habs.;3 baños;176 m²;;Alquiler larga temporada adosado en benalmadena costa. En inmejorable situación con vistas al mar, a solo 15 minutos andando a la ...;36.5890284;-4.5369262;malaga
3.000 €/mes;Piso en calle de Contreras, 22;/alquilar/piso-parque_de_la_paloma-30091285755_501436/;Parque de la Paloma (Distrito Benalmádena Costa. Benalmádena);2 habs.;1 baño;75 m²;1ª planta;"Alquiler de corta temporada!!
No se alquila de larga duracion!! 
Magnifico piso de 2 dormitorios uno con cama doble y el otro con ...";36.59043840874586;-4.531524501282402;malaga
975 €/mes;Apartamento en calle de Carpio, 9;/alquilar/apartamento-huelin_la_princesa_jardin_de_la_abadia29002-5064741487_517988/;Huelin-La Princesa-Jardín de la Abadía (Distrito Carretera de Cádiz. Málaga Capital);1 hab.;1 baño;43 m²;Bajo;Se alquila por temporada precioso apartamento a escasos metros de la playa. Recién construido, por estrenar. Totalmente amueblado,...;36.7030006465704;-4.4391237911578685;malaga
5.500 €/mes;;/alquilar/chalet-selwo29680-45089592603_528489/;Selwo (Estepona);5 habs.;5 baños;800 m²;;"Rent per week 5.500 euros /alquiler por semana 5.500 euros.
Esta increíble villa de estilo descriptivo en alquiler en estepona, ub...";36.466388;-5.0765441;malaga
1.300 €/mes;Estudio en calle de Lamo de Espinosa, 10;/alquilar/estudio-puerto_deportivo-43349806316_100500/;Puerto Deportivo (Fuengirola);;1 baño;52 m²;;Pyr alquiler estudio con vistas al mar, en pleno centro de fuengirola, planta alta con excelente orientación y vistas a la piscina...;36.5429;-4.62005;malaga
6.840 €/mes;;/alquilar/piso-centro_historico_la_merced29005-28428110422_100500/;Centro Histórico-La Merced (Distrito Centro. Málaga Capital);5 habs.;2 baños;350 m²;4ª planta;"Edificio emblematico en pleno centro
Calle marques de larios - a reformar  - gran superficie 350 metros
Renta más asimiladas a car...";36.718439171;-4.421416748;malaga
1.450 €/mes;;/alquilar/piso-el_limonar_el_mayorazgo_peinado_grande29016-45046830468_108500/;El Limonar-El Mayorazgo-Peinado Grande (Distrito Este. Málaga Capital);3 habs.;2 baños;120 m²;;Piso con piscina en muy buena ubicación. Situado en el mayorazgo,  rodeado de todos los servicios, bien comunicado por transporte ...;36.7314515;-4.3969152;malaga
2.400 €/mes;Apartamento en Urbanización Vista Real , nº 1;/alquilar/apartamento-los_naranjos_las_brisas29660-35851143238_526073/;Los Naranjos-Las Brisas (Distrito Nueva Andalucía. Marbella);2 habs.;3 baños;136 m²;1ª planta;Apartamento de lujo en la urb. Vista real, en nueva andalucía , al lado del lago de las tortugas , 2 dorm, 2 baños y un aseo. Tien...;36.52436348051654;-4.964704513549806;malaga
136 €/día;Piso en calle del Escritor Angel Palomino, 8;/alquilar/piso-el_pinar_palacio_de_congresos29620-44172417436_525002/;El Pinar-Palacio de Congresos (Torremolinos);2 habs.;2 baños;98 m²;1ª planta;"Disponible 
Julio 850€ semana
Agosto del 01 al 05 y del 11 al 18  y del 25 al 31. Precio semana 900€

No se acepta mascota 
Es un ...";36.64053;-4.496014;malaga
3.100 €/mes;;/alquilar/piso-torremolinos_los_alamos29620-43425637165_512327/;Los Álamos (Torremolinos);3 habs.;4 baños;149 m²;Bajo;¡No pierdas la oportunidad de vivir en este espectacular apartamento en alquiler en la mejor urbanización de torremolinos! Con una...;36.6443131;-4.4818863;malaga
130 €/día;;/alquilar/estudio-parque_de_la_paloma29630-35863285326_520654/;Parque de la Paloma (Distrito Benalmádena Costa. Benalmádena);;1 baño;35 m²;;Bonito estudio, en alquiler vacacional, situado en benalmádena costa, en zona comercial, ofrece piscina al aire libre, maravilloso...;36.5968235;-4.5275386;malaga
1.000 €/sem;Piso en calle Camilo José Cela, 1;/alquilar/piso-playa_de_la_fontanilla29602-44256108245_515948/;Playa de la Fontanilla (Distrito Centro. Marbella);2 habs.;2 baños;80 m²;4ª planta;Este encantador piso en alquiler vacacional se encuentra en la zona de playa de la fontanilla en marbella. Se sitúa en la 4ª plant...;36.508038;-4.8934107;malaga
1.000 €/mes;;/alquilar/apartamento-cruz_de_humilladero_carranque29007-45003583506_527397/;Carranque (Distrito Cruz de Humilladero. Málaga Capital);1 hab.;1 baño;55 m²;1ª planta;Carlos haya alquilo apartamento amueblado. 1 dormitorio con armario empotrado, salón comedor, cocina equipada con lavadero y un cu...;36.720175;-4.4492685;malaga
1.800 €/mes;;/alquilar/casa_pareada-urbanizacion_calahonda_golf_riviera_del_sol_mirafl-45077134306_101800/;Urbanización Calahonda-Golf-Riviera del Sol-Miraflores (Distrito Mijas Costa. Mijas);3 habs.;2 baños;160 m²;;"Casas pareadas en alquiler para larga temporada en riviera del sol. A solo 3 minutos de la playa.

Con un excelente nivel de calid...";36.501870663;-4.711932486;malaga
1.000 €/mes;;/alquilar/piso-la_carihuela-45012226566_100500/;La Carihuela (Torremolinos);1 hab.;1 baño;49 m²;5ª planta;Se alquila apartamento de 1 dormitorio, 1 baño, salon y cocina americana amueblada solo corta temporada por semanas, quincena o me...;36.607855921;-4.506812459;malaga
3.500 €/mes;;/alquilar/piso-las_chapas_elviria-41715707717_102100/;Elviria (Distrito Las Chapas. Marbella);3 habs.;3 baños;231 m²;;Gilmar consulting inmobiliario presenta este inmueble ubicado en marbella este, en la provincia de málaga. Se trata de un bajo de ...;36.5105231;-4.7828914;malaga
1.000 €/mes;;/alquilar/casa_adosada-velez_malaga_torre_del_mar29740-42549146464_519554/;Torre del Mar (Vélez-Málaga);4 habs.;3 baños;160 m²;;Casa vacacional apenas a 100 metros de la playa,capacidad para 8 personas,a 5 minutos a pie de paseo de larios de torre de mar par...;36.738573;-4.0948336;malaga
13.000 €/mes;;/alquilar/casa-sierra_blanca-45888207192_108500/;Sierra Blanca (Distrito Milla de Oro. Marbella);5 habs.;5 baños;380 m²;;Impresionante villa de cinco habitaciones situada en la prestigiosa zona de sierra blanca de marbella. Esta exquisita propiedad cu...;36.525720638;-4.918796009;malaga
2.800 €/mes;;/alquilar/piso-centro_historico_la_merced29005-44170807568_501323/;Centro Histórico-La Merced (Distrito Centro. Málaga Capital);3 habs.;2 baños;105 m²;1ª planta;"¡Disfruta de un verano inolvidable en este piso nuevo y luminoso en el centro histórico de málaga!

Sumérgete en la vibrante atmós...";36.7195378;-4.4246995;malaga
1.200 €/mes;;/alquilar/piso-capuchinos_la_goleta_el_molinillo_segalerva29014-45019860222_104700/;Capuchinos-La Goleta-El Molinillo-Segalerva (Distrito Centro. Málaga Capital);3 habs.;1 baño;96 m²;;"Piso en alquiler para estudiantes, en zona segalerva. 
Alquiler de septiembre de 2024 a junio de 2025
A  escasos metros del colegi...";36.7304515;-4.4233221;malaga
1.600 €/mes;Apartamento en calle Eurosol, 7;/alquilar/apartamento-la_carihuela-15929223639_517988/;La Carihuela (Torremolinos);1 hab.;1 baño;63 m²;Bajo;"Se alquila por temporada y corta estancia precioso apartamento a escasos metros de la playa en pleno corazón de la carihuela. 

Di...";36.60740936706287;-4.508015590296995;malaga
1.800 €/mes;;/alquilar/piso-el_pinillo29620-45092581399_100500/;El Pinillo (Torremolinos);3 habs.;2 baños;240 m²;4ª planta;"Atico pinillo torremolinos alquiler larga temporada (11 meses) disponible a partir del 1 de agosto 2024
Precioso atico duplex situ...";36.6150744;-4.5134711;malaga
2.400 €/mes;;/alquilar/piso-paseo_maritimo_oeste_pacifico29004-45079969242_522032/;Paseo Marítimo Oeste-Pacífico (Distrito Carretera de Cádiz. Málaga Capital);2 habs.;2 baños;95 m²;5ª planta;"¡Oportunidad única para alquilar un maravilloso piso en el paseo marítimo de antonio banderas! 

Este moderno y acogedor apartamen...";36.697492747;-4.438299192;malaga
1.500 €/mes;;/alquilar/atico-el_consul_el_romeral_la_colonia_santa_ines29010-45096477609_109100/;El Cónsul-El Romeral-La Colonia Santa Inés (Distrito Teatinos-Universidad. Málaga Capital);3 habs.;2 baños;116 m²;;***** alquiler por temporada de septiembre a junio *****   disponible a partir del 1 de septiembre.   Magnifico ático situado en u...;36.7233713;-4.4789362;malaga
1.050 €/mes;;/alquilar/apartamento-el_consul_el_romeral_la_colonia_santa_ines29010-45869131936_516020/;El Cónsul-El Romeral-La Colonia Santa Inés (Distrito Teatinos-Universidad. Málaga Capital);1 hab.;1 baño;120 m²;Bajo;Atención se alquila piso en teatinos, concretamente en calle maría barrientos, por tan solo 1050€. Se trata de un apartamento de 4...;36.7204435;-4.4883589;malaga
2.000 €/mes;;/alquilar/piso-las_chapas_elviria-43431404791_100500/;Elviria (Distrito Las Chapas. Marbella);2 habs.;2 baños;110 m²;1ª planta;"Fantástico piso en una urbanización privada con piscina en la zona baja de elviria en marbella
Les presentamos este maravillosa vi...";36.4956733;-4.7873522;malaga
2.950 €/mes;;/alquilar/atico-bellavista_el_morlaco29018-45011336139_106000/;Bellavista-El Morlaco (Distrito Este. Málaga Capital);3 habs.;2 baños;180 m²;;Fantástico ático en zona residencial de miraflores del palo, recinto cerrado con jardín y tres piscinas comunitarias, acceso a la ...;36.7291733;-4.3577211;malaga
A consultar;Apartamento en calle de Jacinto Benavente;/alquilar/apartamento-puerto_deportivo-43408031442_103200/;Puerto Deportivo (Fuengirola);2 habs.;1 baño;80 m²;;Alquiler de corta temporada de  apartamento en zona del puerto deportivo, rodeado de todos los comerc...;36.541;-4.62186;malaga
450 €/día;Apartamento en calle Km 192 N-340, Elviria, nº 1;/alquilar/apartamento-las_chapas_elviria-36682666966_515241/;Elviria (Distrito Las Chapas. Marbella);2 habs.;3 baños;125 m²;2ª planta;"No disponible para larga temporada.

Sólo disponible del sábado 17 de agosto al sábado 31 de agosto, mínimo reservas por semana 
...";36.49331505638408;-4.774761609598102;malaga
2.550 €/mes;;/alquilar/casa_adosada-fuengirola_san_francisco-43431176140_100500/;San Francisco (Fuengirola);4 habs.;4 baños;260 m²;;"Increible chalet en los boliches - fuengirola

Este encantador chalet adosado está disponible para alquiler de larga temporada en ...";36.5496923;-4.6168382;malaga
4.200 €/mes;Piso en calle;/alquilar/piso-costa_natura29693-43401604185_107700/;Costa Natura (Estepona);2 habs.;2 baños;103 m²;;Disponible todo el año excepto agosto. Apartamento con vistas panorámicas al mar, este exquisito apartamento en alquiler ofrece un...;36.4139870620734;-5.18900485940645;malaga
2.500 €/mes;;/alquilar/chalet_unifamiliar-rincon_de_la_victoria_la_cala_del_moral29730-43395181890_519108/;La Cala del Moral (Rincón de la Victoria);3 habs.;1 baño;180 m²;;Chalet unifamiliar con vistas al mar, 3 dormitorios, cocina, salón y baño. Rodeado de precioso jardín y terrazas. El alquiler incl...;36.7138564;-4.294852;malaga
1.000 €/mes;;/alquilar/piso-la_trinidad_marmoles_perchel_norte29009-5066618907_100500/;La Trinidad-Mármoles-Perchel Norte (Distrito Centro. Málaga Capital);1 hab.;1 baño;53 m²;7ª planta;Málaga está de moda, es una ciudad estupenda que te enamorará y tiene infinidad de cosas que ofrecerte. ¿Vienes a málaga a trabaja...;36.7272086;-4.4287918;malaga
1.600 €/mes;;/alquilar/piso-la_luz_virgen_de_belen29004-45833424483_996965/;La Luz-Virgen de Belén (Distrito Carretera de Cádiz. Málaga Capital);4 habs.;2 baños;95 m²;Bajo;¡Oportunidad única para estudiantes en el barrio de la luz! Este fantástico piso de 95 m² goza de una inmejorable ubicación, en un...;36.6959611;-4.4512527;malaga
1.150 €/mes;;/alquilar/chalet-cabopino_reserva_de_marbella-44192406796_100500/;Cabopino-Reserva de Marbella (Distrito Las Chapas. Marbella);6 habs.;6 baños;450 m²;;"Precio por noche: : 1150€
Estancia mínima: 2 semanas.
6 dormitorios * 6 baños * pequeña piscina privada * piscina comunitaria * 45...";36.4888158;-4.751187;malaga
A consultar;;/alquilar/piso-la_carihuela-45090821075_526358/;La Carihuela (Torremolinos);;1 baño;50 m²;5ª planta;Descubre el lugar perfecto para tus vacaciones en la costa de torremolinos. Este encantador estudio tipo loft, ubicado en el prest...;36.6057859;-4.5110589;malaga
370 €/día;Apartamento en Avenida de la Ribera, nº SN;/alquilar/apartamento-casco_antiguo_barrio29601-40932640992_527608/;Casco Antiguo (Distrito Centro. Marbella);2 habs.;2 baños;166 m²;1ª planta;Se alquila lujoso apartamento en puerto de puerto banus, esta situado al lado de la famosa tienda de louis vuitton y encima del re...;36.4891646849995;-4.949905861708228;malaga
900 €/mes;;/alquilar/piso-puerto_marina29630-45920200031_108500/;Puerto Marina (Distrito Benalmádena Costa. Benalmádena);1 hab.;1 baño;50 m²;;"Oportunidad"" se alquila bonito piso, en benalmádena, urb piscis, consta de 1 dormitorio, 1 baño, cocina independiente y amplio sal...";36.59936511;-4.526880373;malaga
1.500 €/mes;;/alquilar/piso-la_malagueta_monte_sancha-44221888248_100500/;La Malagueta-Monte Sancha (Distrito Centro. Málaga Capital);3 habs.;2 baños;103 m²;1ª planta;Se alquila vivienda en el corazón de la malagueta, sin amueblar (se podría valorar opción de amueblar básicamente) para larga temp...;36.7199341;-4.4097269;malaga
5.700 €/mes;;/alquilar/casa-nueva_alcantara29670-45878300086_106000/;Nueva Alcántara (Distrito San Pedro de Alcántara. Marbella);3 habs.;3 baños;;;"Villa de lujo frente al mar en san pedro

Bienvenido a una exquisita villa junto a la playa en san pedro alcántara, marbella. Esta...";36.4775286;-4.980538;malaga
1.600 €/mes;;/alquilar/piso-santa_paula_la_paz_los_guindos_parque_mediterraneo-45098863539_100500/;Santa Paula-La Paz-Los Guindos-Parque Mediterráneo (Distrito Carretera de Cádiz. Málaga Capital);2 habs.;2 baños;200 m²;Bajo;"Desde giro inmobiliaria te presentamos este gran piso en la zona de los guindos con contrato de vivienda habitual.

Su característ...";36.6932519;-4.4493115;malaga
3.500 €/mes;;/alquilar/atico-la_campana_altos_del_rodeo-45861266397_523851/;La Campana-Altos del Rodeo (Distrito Nueva Andalucía. Marbella);3 habs.;2 baños;245 m²;;"Al andalus living presenta un precioso ático sin muebles a estrenar en la campana, nueva andalucía.
A sólo unos pasos de los servi...";36.4995957;-4.9745325;malaga
2.300 €/mes;;/alquilar/apartamento-los_monteros_bahia_de_marbella29603-45041467269_100500/;Los Monteros-Bahía de Marbella (Distrito Las Chapas. Marbella);3 habs.;4 baños;180 m²;1ª planta;"Piso en alquiler  para  larga  temporada,  situado  en  marbella, bahia  de  marbella.
Luminosa y amplia vivienda  de lujo ,  ubic...";36.5028128;-4.8374317;malaga
700 €/mes;;/alquilar/estudio-los_boliches-45851070785_100500/;Los Boliches (Fuengirola);;1 baño;33 m²;;"Nooo, larga temporada

Disponible por temporada desde 15 de septiembre 2024 a 15 de junio 2025 consultar disponibilidad, condicion...";36.554525473;-4.615823063;malaga
2.000 €/mes;;/alquilar/piso-benalmadena_montealto29631-45918083075_100500/;Montealto (Benalmádena);3 habs.;2 baños;80 m²;5ª planta;Primera línea de playa, alquiler por semanas 2000€ la semana, se alquila piso de 3 dormitorios y dos baños completamente amueblado...;36.5994033;-4.5546377;malaga
4.100 €/mes;;/alquilar/chalet-el_padron_el_velerin_voladilla29680-38394975704_100500/;Selwo (Estepona);3 habs.;4 baños;200 m²;;Se alquila preciosa villa en urbanización resina golf. Tiene 3 habitaciones con los baños en suite cada uno en segunda planta, amp...;36.463452;-5.0776321;malaga
5.500 €/mes;;/alquilar/chalet-valtocado_la_alqueria_la_atalaya29649-44244807255_100500/;Valtocado-La Alquería-La Atalaya (Mijas);5 habs.;5 baños;500 m²;;"Magnifica villa de lujo en la cala golf - mijas

Esta villa es una joya de la arquitectura moderna, diseñada para maximizar tanto ...";36.535239651;-4.736521495;malaga
3.000 €/mes;Dúplex en calle C/Ramón Gomez de La Serna, nº 23;/alquilar/duplex-playa_de_la_fontanilla29602-31741329273_108500/;Playa de la Fontanilla (Distrito Centro. Marbella);2 habs.;3 baños;125 m²;;Maravilloso duplex, situado en la segunda line de playa en la mejor zona de marbella, la milla de oro. Piso 125 m², salón con chim...;36.5097;-4.89887;malaga
2.500 €/mes;;/alquilar/casa-coin_centro_urbano-45094029439_998474/;Coín;4 habs.;3 baños;200 m²;;Fantástica casa situada en coín, málaga, costa del sol, a 800 metros del casco urbano, en zona de huertas muy tranquila. Muy bien ...;36.658311971;-4.76087555;malaga
1.500 €/mes;Loft en calle;/alquilar/loft-santa_paula_la_paz_los_guindos_parque_mediterraneo-45032284051_107700/;Santa Paula-La Paz-Los Guindos-Parque Mediterráneo (Distrito Carretera de Cádiz. Málaga Capital);;1 baño;66 m²;;¡Descubre tu oasis perfecto en málaga! Este encantador loft de 66 m² es ideal para desconectar y disfrutar de la tranquilidad. Sit...;36.6934687;-4.4444404;malaga
1.400 €/mes;Piso en calle;/alquilar/piso-parque_victoria_sierra_cortijos29720-45091929504_107700/;Parque Victoria-Sierra-Cortijos (Rincón de la Victoria);3 habs.;2 baños;97 m²;;"Disponible desde el 1 de octubre de 2024 a 31 de agosto de 2025

Se alquila hermoso piso en calle málaga virgen con vistas al mar ...";36.7308601869371;-4.29613256679693;malaga
1.200 €/mes;;/alquilar/chalet-pedregalejo29017-43366474812_100500/;Pedregalejo (Distrito Este. Málaga Capital);2 habs.;2 baños;70 m²;;"2a-190 alquiler vacacional verano 2024
No larga temporada.
Precio semanal.

Situada en pedregalejo en 1º linea de playa con vistas...";36.7213399;-4.3786375;malaga
3.500 €/mes;;/alquilar/chalet-los_naranjos_las_brisas29660-45003302460_106700/;Los Naranjos-Las Brisas (Distrito Nueva Andalucía. Marbella);4 habs.;2 baños;240 m²;;Preciosa casa situada en la zona residencial exclusiva de los naranjos al lado de puerto banús, marbella. Se alquila solo hasta el...;36.5071685;-4.9530242;malaga
100 €/mes;;/alquilar/finca_rustica-hipodromo_cerrado_del_aguila29649-44266494891_100500/;Hipódromo-Cerrado del Águila (Distrito Mijas Costa. Mijas);2 habs.;;200 m²;;"¡Alquiler para vacaciones 100 euros al día!

Se alquila casa encantadora en plena naturaleza rodeada de zonas comunes como parking...";36.5353868;-4.6600941;malaga
1.000 €/mes;Piso en calle del Clavel, 6;/alquilar/piso-velez_malaga_torre_del_mar29740-20042258534_100500/;Torre del Mar (Vélez-Málaga);1 hab.;1 baño;45 m²;6ª planta;"Alquiler vacacional verano 2024

Apartamento reformado, cerca del centro y de la playa.

Con aire acondicionado.

Tiene 1 dormitor...";36.7439;-4.09192;malaga
500 €/sem;;/alquilar/piso-velez_malaga_torre_del_mar29740-44233739745_524174/;Torre del Mar (Vélez-Málaga);1 hab.;1 baño;55 m²;3ª planta;"Apartamento totalmente reformado, 1 dormitorio, baño con plato ducha, a-c, y wifi.
Precio semanal julio 750€. Otras fechas consult...";36.7361235;-4.0959773;malaga
1.200 €/mes;;/alquilar/piso-rancho_domingo_la_hacienda-45096559120_100500/;Rancho Domingo-La Hacienda (Distrito Benalmádena Pueblo. Benalmádena);3 habs.;2 baños;70 m²;;"¡Oportunidad única! Piso en planta baja en alquiler con amplios espacios y modernas comodidades

Descripción de la propiedad:

Se ...";36.598132;-4.570475;malaga
150 €/día;;/alquilar/apartamento-torrox_los_llanos-35093506863_108500/;Los Llanos (Torrox);2 habs.;2 baños;102 m²;;Apartamento frontal al mar con maravillosas vistas. El apartamento está completamente reformado y equipado. Consta de 2 dormitorio...;36.7335397;-3.9744377;malaga
800 €/mes;;/alquilar/apartamento-el_ejido_cristo_de_la_epidemia_olletas_san_miguel2-45863952329_100500/;El Ejido-Cristo de la Epidemia-Olletas-San Miguel (Distrito Centro. Málaga Capital);1 hab.;1 baño;40 m²;2ª planta;Bonito apartamento de 1 dormitorio en la zona de fuente olletas, cercano a cristo de la epidemia. Rodeado de tiendas y comercios y...;36.7323013;-4.4184606;malaga
1.500 €/mes;;/alquilar/casa-manilva_nucleo29692-45043890730_523453/;Núcleo (Manilva);3 habs.;3 baños;100 m²;;"Kámaraljarafe, la agencia que te acompaña a tu nuevo hogar. 
Descubre esta encantadora casa en alquiler en manilva, costa del sol....";36.361343684;-5.231437872;malaga
950 €/mes;;/alquilar/piso-urbanizacion_calahonda_golf_riviera_del_sol_mirafl-45044892692_100500/;Urbanización Calahonda-Golf-Riviera del Sol-Miraflores (Distrito Mijas Costa. Mijas);2 habs.;2 baños;60 m²;2ª planta;"*leer atentamente el anuncio*
 No es larga duracion solo curso escolar

Disponible de septiembre a junio (inclusive), ideal profes...";36.498601998;-4.695893309;malaga
700 €/mes;;/alquilar/casa-vinuela_los_gomez-45093649505_512742/;Los Gómez (Viñuela);3 habs.;2 baños;90 m²;;Referencia a-250 alquiler por encargo del inquilino.  ( actualmente está sin amueblar, pero existe la posibilidad de alquilarla am...;36.8621731;-4.1413659;malaga
100 €/día;;/alquilar/apartamento-urbanizacion_santa_rosa_generacion_del_2729793-35040262784_108500/;Urbanización Santa Rosa-Generación del 27 (Torrox);2 habs.;3 baños;78 m²;;Moderno apartamento con 2 dormitorios a solo unos metros del mar. Disponible de octubre a abril. Si estas pensado es disfrutar del...;36.732615632;-3.96936778;malaga
900 €/mes;;/alquilar/apartamento-velez_malaga_nucleo_urbano29700-45044859094_108500/;Núcleo Urbano (Vélez-Málaga);2 habs.;1 baño;104 m²;;Aquí tienes la oportunidad de vivir en un moderno apartamento, pero con el encanto de un edificio histórico. Volver a disfrutar de...;36.7841342;-4.1041914;malaga
150 €/día;;/alquilar/apartamento-torrox_los_llanos-35085288776_108500/;Los Llanos (Torrox);2 habs.;1 baño;75 m²;;Apartamento frontal al mar donde podrás disfrutar de la luz, el sonido y el olor a mediterráneo desde cualquier rincón. Deseo que ...;36.7335277;-3.9736027;malaga
750 €/mes;;/alquilar/piso-rincon_de_la_victoria_torre_de_benagalbon-10028276030_100500/;Torre de Benagalbón (Rincón de la Victoria);2 habs.;;78 m²;1ª planta;Vivienda disponible para alquilar en cortas temporadas, piso de 2 dormitorios, 1 baño con bañera, cocina, salón orientada al este ...;36.714932589;-4.252549824;malaga
900 €/mes;Apartamento en calle Bauhinias de Baviera, 10;/alquilar/apartamento-area_de_triana_cabrillas_trapiche-36704854758_523785/;Área de Triana-Cabrillas-Trapiche (Vélez-Málaga);2 habs.;2 baños;100 m²;1ª planta;Magnifico apartamento en uno de los mejores residenciales de baviera golf¡¡¡. Consta de 2 amplios dormitorios con armarios empotra...;36.762753953040054;-4.0689729783364195;malaga
2.600 €/mes;Apartamento en calle de Juan Sebastián Elcano, 2;/alquilar/apartamento-puerto_marina29630-43411901544_101800/;Puerto Marina (Distrito Benalmádena Costa. Benalmádena);1 hab.;1 baño;90 m²;2ª planta;Apartamento de 1 dormitorio, moderno y de lujo. Vistas maravillosas al puerto y al centro comercial. Hay una cama empotrada en el ...;36.5955;-4.51467;malaga
1.000 €/mes;;/alquilar/piso-el_penoncillo-45892593258_998550/;El Peñoncillo (Torrox);2 habs.;2 baños;80 m²;Bajo;Luminoso apartamento situado en primera línea de playa, totalmente amueblado y equipado, consta de 2 dormitorios, un baño con duch...;36.736621702;-3.95344807;malaga
2.500 €/mes;;/alquilar/piso-mijas_las_lagunas29651-45092858414_100500/;Las Lagunas (Mijas);3 habs.;3 baños;135 m²;2ª planta;"Alquiler de larga temporada, piso de lujo en urbanización de nueva construcción. 
Fabuloso recinto privado con piscina, jardines y...";36.5382813;-4.6427218;malaga
1.500 €/mes;;/alquilar/apartamento-torremolinos_centro-40067607072_101800/;Centro (Torremolinos);1 hab.;1 baño;59 m²;2ª planta;"Apartamento de 1 dormitorio, salón comedor, cocina americana amueblada y equipada, baño, terraza. 
El piso que esperabas está aquí...";36.624842775;-4.498071923;malaga
1.000 €/mes;;/alquilar/piso-velez_malaga_torre_del_mar29740-6726516573_100500/;Torre del Mar (Vélez-Málaga);1 hab.;1 baño;56 m²;4ª planta;"Alquiler vacacional verano 2024 torre del mar

Calle piragua 3º planta, con ascensor, cerca centro y playa.

⭐ aire condicionado ❄...";36.74354272;-4.089117043;malaga
1.400 €/mes;;/alquilar/apartamento-altos_de_estepona29680-44226162724_102100/;Altos de Estepona (Estepona);3 habs.;2 baños;130 m²;;Gilmar consulting inmobiliario ofrece en alquiler luminoso e impecable apartamento en centro de estepona.   Ubicado en zona reside...;36.4545974;-5.1274898;malaga
50 €/día;Apartamento en calle del Mar;/alquilar/apartamento-velez_malaga_torre_del_mar29740-14175935637_103200/;Torre del Mar (Vélez-Málaga);1 hab.;1 baño;50 m²;;"Alquiler vacacional
Consultar precios de las diferentes temporadas
Fantástico ático con 1 dormitorio ...";36.7401;-4.09321;malaga
1.800 €/mes;;/alquilar/atico-el_paraiso_atalaya_benamara-42501645495_100500/;El Paraíso-Atalaya-Benamara (Estepona);2 habs.;2 baños;150 m²;;"Atico en esquina con varias terrazas,y vistas al mar y montañana

La vivienda se distribuye en 2 dormitorios dobles y 2 baños (amb...";36.4709278;-5.0151744;malaga
1.100 €/mes;Apartamento en calle de los Abetos, 1;/alquilar/apartamento-puertosol_el_limonero_el_tomillar29190-44182933323_528158/;Puertosol-El Limonero-El Tomillar (Distrito Puerto de la Torre. Málaga Capital);2 habs.;1 baño;89 m²;1ª planta;Bonito apartamento de dos dormitorios, con cocina integrada al salón, un baño y una gran terraza de 60m con oficina cerrada, este...;36.734425;-4.4788833;malaga
2.000 €/mes;Apartamento en Urbanización Bahía Dorada  , nº 1;/alquilar/apartamento-la_gaspara_bahia_dorada_buenas_noches-40052175901_526073/;Playa Bahía Dorada (Estepona);2 habs.;2 baños;120 m²;Bajo;Superficie total 120 m², hab. Individuales: 2, 2 baños, adaptado a personas con discapacidad (####), aire acondicionado (frío y ca...;36.397952011985645;-5.2042579650878915;malaga
1.100 €/mes;Piso en Avenida de las Margaritas;/alquilar/piso-mijas_las_lagunas29651-44239893036_103200/;Las Lagunas (Mijas);2 habs.;2 baños;80 m²;;Bonito piso al lado del centro de alta resolución, care, de las lagunas de mijas. Tiene dos dormitori...;36.5438;-4.64147;malaga
15.000 €/mes;;/alquilar/casa-benahavis_la_alqueria29679-45066170485_101800/;La Alquería (Benahavís);5 habs.;5 baños;760 m²;;Impresionantes villas de lujo, de arquitectura muy moderna, ubicada en la alqueria, en el termino municipal de  benahavis en venta...;36.495609659;-5.026454254;malaga
1.600 €/mes;;/alquilar/apartamento-sierra_bermeja29680-41715073366_102100/;Altos de Estepona (Estepona);1 hab.;1 baño;120 m²;;Gilmar consulting inmobiliario presenta en un entorno exclusivo y tranquilo, este apartamento de 120 m², con una distribución de 1...;36.4619235;-5.1261212;malaga
1.900 €/mes;;/alquilar/piso-el_paraiso_atalaya_benamara-43429175847_523453/;El Paraíso-Atalaya-Benamara (Estepona);2 habs.;2 baños;120 m²;Bajo;"Kamaraljarafe, la agencia que te acompaña a tu nuevo hogar. 
Disfruta del lujo y la comodidad en este encantador piso en planta ba...";36.466;-5.02059;malaga
2.500 €/mes;Piso en calle de Velázquez, 30;/alquilar/piso-puerto_marina29630-43399804524_101800/;Puerto Marina (Distrito Benalmádena Costa. Benalmádena);2 habs.;2 baños;120 m²;;Apartamento en esquina. Soleado. Tiene 2 dormitorios (principal con cama doble y el segundo dormitorio con 2 camas individuales, s...;36.5983;-4.51354;malaga
3.500 €/mes;;/alquilar/atico-playa_de_los_boliches-45078112373_108500/;Playa de Los Boliches (Fuengirola);3 habs.;4 baños;246 m²;;Este apartamento de tres dormitorios y tres baños en dos plantas, se encuentra en primera línea de playa, tan solo con dos años  d...;36.555812155;-4.611247324;malaga
1.800 €/mes;;/alquilar/chalet_unifamiliar-velez_malaga_benajarafe29790-45007103322_520654/;Benajarafe (Vélez-Málaga);3 habs.;2 baños;105 m²;;Chalet independiente, en una sola planta, en alquiler de larga temporada, situado en benajarafe, a 700mts de la playa. La vivienda...;36.715957162;-4.20355896;malaga
1.500 €/mes;Piso en calle de Lope de Rueda, 180;/alquilar/piso-el_atabal_el_chaparral_los_morales29190-44261384170_519747/;El Atabal-El Chaparral-Los Morales (Distrito Puerto de la Torre. Málaga Capital);3 habs.;2 baños;100 m²;Bajo;"Bonito alquiler larga temporada
Distribuido: cocina integrada al salón y salida una magnífica terraza de 50 metros.
Tres dormitori...";36.740135;-4.4840035;malaga
2.500 €/mes;;/alquilar/apartamento-las_chapas_elviria-44263256881_106000/;Elviria (Distrito Las Chapas. Marbella);3 habs.;3 baños;128 m²;;"¡Bienvenido a su nueva casa de alquiler en elviria, justo al lado de la mejor playa de marbella!

Este encantador apartamento ofre...";36.4929814;-4.7716147;malaga
10.000 €/mes;;/alquilar/casa-la_campana_altos_del_rodeo-32527035651_510461/;La Campana-Altos del Rodeo (Distrito Nueva Andalucía. Marbella);5 habs.;7 baños;465 m²;;"Villa de nueva construcción de lujo al lado de la playa!
Fantástica villa de 5 dormitorios de lujo a estrenar. 
Las característica...";36.4960558;-4.9419216;malaga
1.100 €/mes;;/alquilar/piso-puertosol_el_limonero_el_tomillar29190-45033801167_519747/;Puertosol-El Limonero-El Tomillar (Distrito Puerto de la Torre. Málaga Capital);2 habs.;1 baño;89 m²;1ª planta;Alquiler de larga temporada en puerto de la torre, málaga bonito apartamento. Distribuidos en dos dormitorios, con cocina integrad...;36.7349736;-4.4791216;malaga
